842406
864434
835043
833034
832298
836941
834961
837202
838925
842321
841183
837283
831570
840860
839008
851640
893386
888000
867722
822681
828062
831138
845006
837420
844647
823836
837223
837478
835283
835195
837055
835560
837910
846078
839158
839090
845996
882008
1023382
1476835
988059
841305
874814
867632
957035
824090
849274
848599
821826
836405
950099
871754
949867
823275
817108
842064
881153
881950
992271
1438383
1998875
834680
827711
843516
1021341
847621
813969
848898
826060
811890
816656
811369
811817
810899
808934
809607
815205
813411
809372
812757
808574
815342
1488189
817560
810263
810914
809551
808943
813982
810344
808886
813129
823256
811483
813681
809279
811403
813681
1224120
1390946

