Разогрев: 
Результат: 100000000
Суммирование по строкам: 
257333
255825
250936
251679
252710
251350
254399
258036
253803
254064
255735
256680
254709
254767
253636
251644
253469
252012
251455
253474
252591
251669
252073
250669
252051
251474
253460
255043
254019
253163
251092
253759
263237
255216
251505
253241
255159
253827
253330
250965
252631
253553
254305
252878
254021
252255
254902
255441
271836
272216
257479
257962
252595
254257
255733
259226
254778
251988
251289
251365
251592
251338
251345
251688
251702
250758
251090
250480
252031
251620
251461
252734
251396
251607
254377
262325
259974
254506
254375
254601
253495
252756
251683
252663
251674
251114
247169
241234
241091
251234
251137
253195
251355
252516
251542
251349
251601
253264
254655
255931
Среднее время: 250967

