265336
257661
259168
257108
258131
258504
258854
258528
258371
257517
280812
296815
283084
283831
279516
280407
292122
270368
275776
276408
274189
275516
262621
258077
258123
257298
257561
263604
278733
277607
276130
279430
263846
271168
276897
289360
277448
271344
264619
263932
267259
276879
269731
265893
266866
270100
266094
264835
264755
266858
263377
260152
265302
258691
265949
278919
269966
265725
262775
262536
275386
277605
276921
261472
262342
267642
276120
264614
263966
271675
275973
277547
269263
272686
261768
270642
280627
272284
272609
265680
257652
256101
253492
253668
253615
252729
256239
256053
255315
257607
259399
255463
256376
256472
255549
256115
255194
255760
256745
255186


