Разогрев: 
Результат: 100000000
Суммирование по столбцам: 
808776
809689
809222
809917
806252
808193
813550
858140
868457
820340
877001
920596
901350
914089
991444
918497
835613
903390
856601
917929
956527
956940
922674
1143509
1062178
856166
861324
861505
1033380
1244434
959672
873926
864599
908800
884541
877466
946925
910454
932774
932935
868593
865243
852222
881436
952547
1005360
880972
1022334
843727
822412
805374
986086
998920
932621
916951
833270
915220
846619
816582
823923
828373
814958
879215
829147
825138
824787
825278
821399
839532
830219
863468
889385
917012
971407
990333
808823
862382
895830
848518
846656
850789
806589
824169
816691
811042
824402
812389
846512
888809
913064
866243
826408
815335
850220
802676
804223
904233
898043
806774
806345
Среднее время: 872248
